0.000000000000000000e+00 1.840652116749885714e-03 7.888509071785065885e-04 7.888509071785065885e-04 3.415659485023647690e-03 4.470155140678389039e-03 5.259006047857450739e-04 3.678402522333201752e-03 4.207204838285516502e-03 4.207204838285516502e-03 4.207204838285516502e-03 7.882291119285511627e-04 4.217185028993153395e-03 1.050972149237994202e-03 4.203888596952198853e-03 0.000000000000000000e+00 4.470155140678389039e-03 0.000000000000000000e+00 5.254860746189971010e-04 3.678402522333201752e-03 4.733105443071261575e-03 2.627430373095540617e-04 1.050972149237994202e-03 2.627430373095540617e-04 5.254860746189971010e-04 3.152916447714093628e-03 5.254860746189971010e-04 3.941145559642644791e-03 7.619548081975846543e-03 8.145034156594843644e-03 7.882291119285511627e-04 0.000000000000000000e+00 2.627430373095540617e-04 1.050972149237994202e-03 1.050972149237994202e-03 7.882291119285511627e-04 3.415659485023647690e-03 7.882291119285511627e-04 0.000000000000000000e+00 3.415659485023647690e-03 2.627430373095540617e-04 1.050972149237994202e-03 7.105263157894725623e-03 0.000000000000000000e+00 7.619548081975846543e-03 3.941145559642644791e-03 1.314751511964251662e-03 1.050972149237994202e-03 8.933263268523394807e-03 5.254860746189971010e-04
1.840652116749885714e-03 0.000000000000000000e+00 2.366552721535630788e-03 1.840652116749885714e-03 3.150433184562873024e-03 4.988185875557937798e-03 2.103602419142758251e-03 3.412969283276501287e-03 4.725649776844309535e-03 4.463113678130792294e-03 4.725649776844309535e-03 2.100288789708582016e-03 5.535055350553541587e-03 2.103602419142758251e-03 3.938041480703646791e-03 1.840652116749885714e-03 4.725649776844309535e-03 1.840652116749885714e-03 1.840652116749885714e-03 3.412969283276501287e-03 5.250721974271455039e-03 2.103602419142758251e-03 2.103602419142758251e-03 1.577701814357124199e-03 2.366552721535630788e-03 3.412969283276501287e-03 2.366552721535630788e-03 3.675505381990018527e-03 8.926227356261473567e-03 9.451299553688619071e-03 2.103602419142758251e-03 1.840652116749885714e-03 2.103602419142758251e-03 2.362824888422210279e-03 2.366552721535630788e-03 1.840652116749885714e-03 3.150433184562873024e-03 2.100288789708582016e-03 1.840652116749885714e-03 3.938041480703646791e-03 2.103602419142758251e-03 2.103602419142758251e-03 8.414409676571144026e-03 1.840652116749885714e-03 8.926227356261473567e-03 4.200577579417164031e-03 2.629503023928503325e-03 2.103602419142758251e-03 1.023890784982939284e-02 1.840652116749885714e-03
7.888509071785065885e-04 2.366552721535630788e-03 0.000000000000000000e+00 5.259006047857450739e-04 3.944254535892754987e-03 4.996055745464134112e-03 2.629503023928725369e-04 4.207204838285516502e-03 4.733105443071261575e-03 4.733105443071261575e-03 4.733105443071261575e-03 1.577701814357124199e-03 5.007907221929341901e-03 7.888509071785065885e-04 4.733105443071261575e-03 7.888509071785065885e-04 4.996055745464134112e-03 7.888509071785065885e-04 1.314751511964251662e-03 4.207204838285516502e-03 5.259006047857006649e-03 1.051801209571379125e-03 7.888509071785065885e-04 1.051801209571379125e-03 1.314751511964251662e-03 3.155403628714137376e-03 1.314751511964251662e-03 4.470155140678389039e-03 8.414409676571144026e-03 8.940310281356778077e-03 1.577701814357124199e-03 7.888509071785065885e-04 1.051801209571379125e-03 1.840652116749885714e-03 1.840652116749885714e-03 5.259006047857450739e-04 3.944254535892754987e-03 1.577701814357124199e-03 7.888509071785065885e-04 3.681304233499882450e-03 1.051801209571379125e-03 7.888509071785065885e-04 7.900974453515896556e-03 7.888509071785065885e-04 8.414409676571144026e-03 3.944254535892754987e-03 1.577701814357124199e-03 7.888509071785065885e-04 9.729161188535395688e-03 1.314751511964251662e-03
7.888509071785065885e-04 1.840652116749885714e-03 5.259006047857450739e-04 0.000000000000000000e+00 3.418353931107009913e-03 4.470155140678389039e-03 2.629503023928725369e-04 3.681304233499882450e-03 4.207204838285516502e-03 4.207204838285516502e-03 4.207204838285516502e-03 1.577701814357124199e-03 5.007907221929341901e-03 2.629503023928725369e-04 4.207204838285516502e-03 7.888509071785065885e-04 4.470155140678389039e-03 7.888509071785065885e-04 7.888509071785065885e-04 3.681304233499882450e-03 4.996055745464134112e-03 1.051801209571379125e-03 2.629503023928725369e-04 5.259006047857450739e-04 1.314751511964251662e-03 2.629503023928503325e-03 1.314751511964251662e-03 3.944254535892754987e-03 8.414409676571144026e-03 8.940310281356778077e-03 1.051801209571379125e-03 7.888509071785065885e-04 1.051801209571379125e-03 1.840652116749885714e-03 1.314751511964251662e-03 0.000000000000000000e+00 3.418353931107009913e-03 1.577701814357124199e-03 7.888509071785065885e-04 3.681304233499882450e-03 1.051801209571379125e-03 2.629503023928725369e-04 7.900974453515896556e-03 7.888509071785065885e-04 8.414409676571144026e-03 3.418353931107009913e-03 1.051801209571379125e-03 2.629503023928725369e-04 9.729161188535395688e-03 7.888509071785065885e-04
3.415659485023647690e-03 3.150433184562873024e-03 3.944254535892754987e-03 3.418353931107009913e-03 0.000000000000000000e+00 4.463113678130792294e-03 3.681304233499882450e-03 2.623294858341562730e-04 4.200577579417164031e-03 3.938041480703646791e-03 4.200577579417164031e-03 3.147953830010541409e-03 6.062203479177630250e-03 3.678402522333201752e-03 7.869884575025798412e-04 3.415659485023647690e-03 4.200577579417164031e-03 3.415659485023647690e-03 3.415659485023647690e-03 2.623294858341562730e-04 4.725649776844309535e-03 3.678402522333201752e-03 3.678402522333201752e-03 3.152916447714093628e-03 3.941145559642644791e-03 1.311647429171003409e-03 3.941145559642644791e-03 5.246589716684235682e-04 9.968520461699936774e-03 1.049317943336836034e-02 3.678402522333201752e-03 3.415659485023647690e-03 3.678402522333201752e-03 3.410283315844697682e-03 3.941145559642644791e-03 3.415659485023647690e-03 0.000000000000000000e+00 3.147953830010541409e-03 3.415659485023647690e-03 5.246589716684124660e-03 3.678402522333201752e-03 3.678402522333201752e-03 9.721492380451945969e-03 3.415659485023647690e-03 9.968520461699936774e-03 2.098635886673694273e-03 4.207204838285516502e-03 3.678402522333201752e-03 1.128016789087094018e-02 3.415659485023647690e-03
4.470155140678389039e-03 4.988185875557937798e-03 4.996055745464134112e-03 4.470155140678389039e-03 4.463113678130792294e-03 0.000000000000000000e+00 4.733105443071261575e-03 4.725649776844309535e-03 2.625360987136282631e-04 5.250721974271455039e-04 2.625360987136282631e-04 4.463113678130792294e-03 7.116499736425918599e-03 4.733105443071261575e-03 5.250721974271455039e-03 4.470155140678389039e-03 7.876082961407737670e-04 4.470155140678389039e-03 4.470155140678389039e-03 4.725649776844309535e-03 1.312680493567919271e-03 4.733105443071261575e-03 4.733105443071261575e-03 4.207204838285516502e-03 4.996055745464134112e-03 4.725649776844309535e-03 4.996055745464134112e-03 4.988185875557937798e-03 1.102651614597005558e-02 1.155158834339720109e-02 4.733105443071261575e-03 4.470155140678389039e-03 4.733105443071261575e-03 4.725649776844309535e-03 4.470155140678389039e-03 4.470155140678389039e-03 4.463113678130792294e-03 4.463113678130792294e-03 4.470155140678389039e-03 6.563402467839374310e-03 4.733105443071261575e-03 4.733105443071261575e-03 1.104391270049964735e-02 4.470155140678389039e-03 1.102651614597005558e-02 5.513258072985083302e-03 5.259006047857006649e-03 4.733105443071261575e-03 1.233919663953797485e-02 4.470155140678389039e-03
5.259006047857450739e-04 2.103602419142758251e-03 2.629503023928725369e-04 2.629503023928725369e-04 3.681304233499882450e-03 4.733105443071261575e-03 0.000000000000000000e+00 3.944254535892754987e-03 4.470155140678389039e-03 4.470155140678389039e-03 4.470155140678389039e-03 1.314751511964251662e-03 4.744333157617242058e-03 5.259006047857450739e-04 4.470155140678389039e-03 5.259006047857450739e-04 4.733105443071261575e-03 5.259006047857450739e-04 1.051801209571379125e-03 3.944254535892754987e-03 4.996055745464134112e-03 7.888509071785065885e-04 5.259006047857450739e-04 7.888509071785065885e-04 1.051801209571379125e-03 2.892453326321375862e-03 1.051801209571379125e-03 4.207204838285516502e-03 8.151459374178271489e-03 8.677359978964016562e-03 1.314751511964251662e-03 5.259006047857450739e-04 7.888509071785065885e-04 1.577701814357124199e-03 1.577701814357124199e-03 2.629503023928725369e-04 3.681304233499882450e-03 1.314751511964251662e-03 5.259006047857450739e-04 3.418353931107009913e-03 7.888509071785065885e-04 5.259006047857450739e-04 7.637608638398685201e-03 5.259006047857450739e-04 8.151459374178271489e-03 3.681304233499882450e-03 1.314751511964251662e-03 5.259006047857450739e-04 9.466210886142523151e-03 1.051801209571379125e-03
3.678402522333201752e-03 3.412969283276501287e-03 4.207204838285516502e-03 3.681304233499882450e-03 2.623294858341562730e-04 4.725649776844309535e-03 3.944254535892754987e-03 0.000000000000000000e+00 4.463113678130792294e-03 4.200577579417164031e-03 4.463113678130792294e-03 3.410283315844697682e-03 6.325777543489730093e-03 3.941145559642644791e-03 1.049317943336847136e-03 3.678402522333201752e-03 4.463113678130792294e-03 3.678402522333201752e-03 3.678402522333201752e-03 5.246589716684235682e-04 4.988185875557937798e-03 3.941145559642644791e-03 3.941145559642644791e-03 3.415659485023647690e-03 4.203888596952198853e-03 1.573976915005270705e-03 4.203888596952198853e-03 7.869884575025798412e-04 1.023084994753409305e-02 1.075550891920251662e-02 3.941145559642644791e-03 3.678402522333201752e-03 3.941145559642644791e-03 3.672612801678853955e-03 4.203888596952198853e-03 3.678402522333201752e-03 2.623294858341562730e-04 3.410283315844697682e-03 3.678402522333201752e-03 5.508919202518391955e-03 3.941145559642644791e-03 3.941145559642644791e-03 9.984235417761389009e-03 3.678402522333201752e-03 1.023084994753409305e-02 2.360965372507850546e-03 4.470155140678389039e-03 3.941145559642644791e-03 1.154249737670509646e-02 3.678402522333201752e-03
4.207204838285516502e-03 4.725649776844309535e-03 4.733105443071261575e-03 4.207204838285516502e-03 4.200577579417164031e-03 2.625360987136282631e-04 4.470155140678389039e-03 4.463113678130792294e-03 0.000000000000000000e+00 2.625360987136282631e-04 0.000000000000000000e+00 4.200577579417164031e-03 6.852925672113818756e-03 4.470155140678389039e-03 4.988185875557937798e-03 4.207204838285516502e-03 5.250721974271455039e-04 4.207204838285516502e-03 4.207204838285516502e-03 4.463113678130792294e-03 1.050144394854291008e-03 4.470155140678389039e-03 4.470155140678389039e-03 3.944254535892754987e-03 4.733105443071261575e-03 4.463113678130792294e-03 4.733105443071261575e-03 4.725649776844309535e-03 1.076398004725653834e-02 1.128905224468368385e-02 4.470155140678389039e-03 4.207204838285516502e-03 4.470155140678389039e-03 4.463113678130792294e-03 4.207204838285516502e-03 4.207204838285516502e-03 4.200577579417164031e-03 4.200577579417164031e-03 4.207204838285516502e-03 6.300866369125746047e-03 4.470155140678389039e-03 4.470155140678389039e-03 1.078096239810677481e-02 4.207204838285516502e-03 1.076398004725653834e-02 5.250721974271455039e-03 4.996055745464134112e-03 4.470155140678389039e-03 1.207666054082434659e-02 4.207204838285516502e-03
4.207204838285516502e-03 4.463113678130792294e-03 4.733105443071261575e-03 4.207204838285516502e-03 3.938041480703646791e-03 5.250721974271455039e-04 4.470155140678389039e-03 4.200577579417164031e-03 2.625360987136282631e-04 0.000000000000000000e+00 2.625360987136282631e-04 3.938041480703646791e-03 6.589351607801829935e-03 4.470155140678389039e-03 4.725649776844309535e-03 4.207204838285516502e-03 2.625360987136282631e-04 4.207204838285516502e-03 4.207204838285516502e-03 4.200577579417164031e-03 7.876082961407737670e-04 4.470155140678389039e-03 4.470155140678389039e-03 3.944254535892754987e-03 4.733105443071261575e-03 4.200577579417164031e-03 4.733105443071261575e-03 4.463113678130792294e-03 1.050144394854291008e-02 1.102651614597005558e-02 4.470155140678389039e-03 4.207204838285516502e-03 4.470155140678389039e-03 4.200577579417164031e-03 4.207204838285516502e-03 4.207204838285516502e-03 3.938041480703646791e-03 3.938041480703646791e-03 4.207204838285516502e-03 6.038330270412228806e-03 4.470155140678389039e-03 4.470155140678389039e-03 1.051801209571390228e-02 4.207204838285516502e-03 1.050144394854291008e-02 4.988185875557937798e-03 4.996055745464134112e-03 4.470155140678389039e-03 1.181412444211082935e-02 4.207204838285516502e-03
4.207204838285516502e-03 4.725649776844309535e-03 4.733105443071261575e-03 4.207204838285516502e-03 4.200577579417164031e-03 2.625360987136282631e-04 4.470155140678389039e-03 4.463113678130792294e-03 0.000000000000000000e+00 2.625360987136282631e-04 0.000000000000000000e+00 4.200577579417164031e-03 6.852925672113818756e-03 4.470155140678389039e-03 4.988185875557937798e-03 4.207204838285516502e-03 5.250721974271455039e-04 4.207204838285516502e-03 4.207204838285516502e-03 4.463113678130792294e-03 1.050144394854291008e-03 4.470155140678389039e-03 4.470155140678389039e-03 3.944254535892754987e-03 4.733105443071261575e-03 4.463113678130792294e-03 4.733105443071261575e-03 4.725649776844309535e-03 1.076398004725653834e-02 1.128905224468368385e-02 4.470155140678389039e-03 4.207204838285516502e-03 4.470155140678389039e-03 4.463113678130792294e-03 4.207204838285516502e-03 4.207204838285516502e-03 4.200577579417164031e-03 4.200577579417164031e-03 4.207204838285516502e-03 6.300866369125746047e-03 4.470155140678389039e-03 4.470155140678389039e-03 1.078096239810677481e-02 4.207204838285516502e-03 1.076398004725653834e-02 5.250721974271455039e-03 4.996055745464134112e-03 4.470155140678389039e-03 1.207666054082434659e-02 4.207204838285516502e-03
7.882291119285511627e-04 2.100288789708582016e-03 1.577701814357124199e-03 1.577701814357124199e-03 3.147953830010541409e-03 4.463113678130792294e-03 1.314751511964251662e-03 3.410283315844697682e-03 4.200577579417164031e-03 3.938041480703646791e-03 4.200577579417164031e-03 0.000000000000000000e+00 3.426462836056964889e-03 1.839201261166545365e-03 3.934942287513121251e-03 7.882291119285511627e-04 4.200577579417164031e-03 7.882291119285511627e-04 1.313715186547548264e-03 3.410283315844697682e-03 4.463113678130792294e-03 1.050972149237994202e-03 1.839201261166545365e-03 1.050972149237994202e-03 1.313715186547548264e-03 3.410283315844697682e-03 1.313715186547548264e-03 3.672612801678853955e-03 7.345225603357818933e-03 7.869884575026242501e-03 1.576458223857102325e-03 7.882291119285511627e-04 1.050972149237994202e-03 2.623294858341562730e-04 1.839201261166545365e-03 1.576458223857102325e-03 3.147953830010541409e-03 0.000000000000000000e+00 7.882291119285511627e-04 3.147953830010541409e-03 1.050972149237994202e-03 1.839201261166545365e-03 7.356805044666292481e-03 7.882291119285511627e-04 7.345225603357818933e-03 4.197271773347277524e-03 2.103602419142758251e-03 1.839201261166545365e-03 8.656873032528822343e-03 1.313715186547548264e-03
4.217185028993153395e-03 5.535055350553541587e-03 5.007907221929341901e-03 5.007907221929341901e-03 6.062203479177630250e-03 7.116499736425918599e-03 4.744333157617242058e-03 6.325777543489730093e-03 6.852925672113818756e-03 6.589351607801829935e-03 6.852925672113818756e-03 3.426462836056964889e-03 0.000000000000000000e+00 5.271481286241441744e-03 6.852925672113818756e-03 4.217185028993153395e-03 6.852925672113818756e-03 4.217185028993153395e-03 4.744333157617242058e-03 6.325777543489730093e-03 7.116499736425918599e-03 4.480759093305253238e-03 5.271481286241441744e-03 4.480759093305253238e-03 4.744333157617242058e-03 6.325777543489730093e-03 4.744333157617242058e-03 6.589351607801829935e-03 7.888509071785398952e-03 8.414409676571144026e-03 5.007907221929341901e-03 4.217185028993153395e-03 4.480759093305253238e-03 3.690036900368953710e-03 5.271481286241441744e-03 5.007907221929341901e-03 6.062203479177630250e-03 3.426462836056964889e-03 4.217185028993153395e-03 6.589351607801829935e-03 4.480759093305253238e-03 4.744333157617242058e-03 7.900974453515896556e-03 4.217185028993153395e-03 7.888509071785398952e-03 7.116499736425918599e-03 4.744333157617242058e-03 5.271481286241441744e-03 9.466210886142523151e-03 4.744333157617242058e-03
1.050972149237994202e-03 2.103602419142758251e-03 7.888509071785065885e-04 2.629503023928725369e-04 3.678402522333201752e-03 4.733105443071261575e-03 5.259006047857450739e-04 3.941145559642644791e-03 4.470155140678389039e-03 4.470155140678389039e-03 4.470155140678389039e-03 1.839201261166545365e-03 5.271481286241441744e-03 0.000000000000000000e+00 4.466631634261641892e-03 1.050972149237994202e-03 4.733105443071261575e-03 1.050972149237994202e-03 1.050972149237994202e-03 3.941145559642644791e-03 5.259006047857006649e-03 1.313715186547548264e-03 5.254860746189971010e-04 7.882291119285511627e-04 1.576458223857102325e-03 2.890173410404650589e-03 1.576458223857102325e-03 4.203888596952198853e-03 8.670520231213840745e-03 9.196006305832948868e-03 1.313715186547548264e-03 1.050972149237994202e-03 1.313715186547548264e-03 2.101944298476099426e-03 1.576458223857102325e-03 2.627430373095540617e-04 3.678402522333201752e-03 1.839201261166545365e-03 1.050972149237994202e-03 3.941145559642644791e-03 1.313715186547548264e-03 5.254860746189971010e-04 8.157894736842141725e-03 1.050972149237994202e-03 8.670520231213840745e-03 3.678402522333201752e-03 1.314751511964251662e-03 5.254860746189971010e-04 9.984235417761389009e-03 1.050972149237994202e-03
4.203888596952198853e-03 3.938041480703646791e-03 4.733105443071261575e-03 4.207204838285516502e-03 7.869884575025798412e-04 5.250721974271455039e-03 4.470155140678389039e-03 1.049317943336847136e-03 4.988185875557937798e-03 4.725649776844309535e-03 4.988185875557937798e-03 3.934942287513121251e-03 6.852925672113818756e-03 4.466631634261641892e-03 0.000000000000000000e+00 4.203888596952198853e-03 4.988185875557937798e-03 4.203888596952198853e-03 4.203888596952198853e-03 1.049317943336847136e-03 5.513258072985083302e-03 4.466631634261641892e-03 4.466631634261641892e-03 3.941145559642644791e-03 4.729374671571195954e-03 2.098635886673694273e-03 4.729374671571195954e-03 2.623294858341562730e-04 1.075550891920251662e-02 1.128016789087094018e-02 4.466631634261641892e-03 4.203888596952198853e-03 4.466631634261641892e-03 4.197271773347277524e-03 4.729374671571195954e-03 4.203888596952198853e-03 7.869884575025798412e-04 3.934942287513121251e-03 4.203888596952198853e-03 6.033578174186815524e-03 4.466631634261641892e-03 4.466631634261641892e-03 1.050972149238049713e-02 4.203888596952198853e-03 1.075550891920251662e-02 2.360965372507850546e-03 4.996055745464134112e-03 4.466631634261641892e-03 1.206715634837352003e-02 4.203888596952198853e-03
0.000000000000000000e+00 1.840652116749885714e-03 7.888509071785065885e-04 7.888509071785065885e-04 3.415659485023647690e-03 4.470155140678389039e-03 5.259006047857450739e-04 3.678402522333201752e-03 4.207204838285516502e-03 4.207204838285516502e-03 4.207204838285516502e-03 7.882291119285511627e-04 4.217185028993153395e-03 1.050972149237994202e-03 4.203888596952198853e-03 0.000000000000000000e+00 4.470155140678389039e-03 0.000000000000000000e+00 5.254860746189971010e-04 3.678402522333201752e-03 4.733105443071261575e-03 2.627430373095540617e-04 1.050972149237994202e-03 2.627430373095540617e-04 5.254860746189971010e-04 3.152916447714093628e-03 5.254860746189971010e-04 3.941145559642644791e-03 7.619548081975846543e-03 8.145034156594843644e-03 7.882291119285511627e-04 0.000000000000000000e+00 2.627430373095540617e-04 1.050972149237994202e-03 1.050972149237994202e-03 7.882291119285511627e-04 3.415659485023647690e-03 7.882291119285511627e-04 0.000000000000000000e+00 3.415659485023647690e-03 2.627430373095540617e-04 1.050972149237994202e-03 7.105263157894725623e-03 0.000000000000000000e+00 7.619548081975846543e-03 3.941145559642644791e-03 1.314751511964251662e-03 1.050972149237994202e-03 8.933263268523394807e-03 5.254860746189971010e-04
4.470155140678389039e-03 4.725649776844309535e-03 4.996055745464134112e-03 4.470155140678389039e-03 4.200577579417164031e-03 7.876082961407737670e-04 4.733105443071261575e-03 4.463113678130792294e-03 5.250721974271455039e-04 2.625360987136282631e-04 5.250721974271455039e-04 4.200577579417164031e-03 6.852925672113818756e-03 4.733105443071261575e-03 4.988185875557937798e-03 4.470155140678389039e-03 0.000000000000000000e+00 4.470155140678389039e-03 4.470155140678389039e-03 4.463113678130792294e-03 1.050144394854291008e-03 4.733105443071261575e-03 4.733105443071261575e-03 4.207204838285516502e-03 4.996055745464134112e-03 4.463113678130792294e-03 4.996055745464134112e-03 4.725649776844309535e-03 1.076398004725653834e-02 1.128905224468368385e-02 4.733105443071261575e-03 4.470155140678389039e-03 4.733105443071261575e-03 4.463113678130792294e-03 4.470155140678389039e-03 4.470155140678389039e-03 4.200577579417164031e-03 4.200577579417164031e-03 4.470155140678389039e-03 6.300866369125746047e-03 4.733105443071261575e-03 4.733105443071261575e-03 1.078096239810677481e-02 4.470155140678389039e-03 1.076398004725653834e-02 5.250721974271455039e-03 5.259006047857006649e-03 4.733105443071261575e-03 1.207666054082434659e-02 4.470155140678389039e-03
0.000000000000000000e+00 1.840652116749885714e-03 7.888509071785065885e-04 7.888509071785065885e-04 3.415659485023647690e-03 4.470155140678389039e-03 5.259006047857450739e-04 3.678402522333201752e-03 4.207204838285516502e-03 4.207204838285516502e-03 4.207204838285516502e-03 7.882291119285511627e-04 4.217185028993153395e-03 1.050972149237994202e-03 4.203888596952198853e-03 0.000000000000000000e+00 4.470155140678389039e-03 0.000000000000000000e+00 5.254860746189971010e-04 3.678402522333201752e-03 4.733105443071261575e-03 2.627430373095540617e-04 1.050972149237994202e-03 2.627430373095540617e-04 5.254860746189971010e-04 3.152916447714093628e-03 5.254860746189971010e-04 3.941145559642644791e-03 7.619548081975846543e-03 8.145034156594843644e-03 7.882291119285511627e-04 0.000000000000000000e+00 2.627430373095540617e-04 1.050972149237994202e-03 1.050972149237994202e-03 7.882291119285511627e-04 3.415659485023647690e-03 7.882291119285511627e-04 0.000000000000000000e+00 3.415659485023647690e-03 2.627430373095540617e-04 1.050972149237994202e-03 7.105263157894725623e-03 0.000000000000000000e+00 7.619548081975846543e-03 3.941145559642644791e-03 1.314751511964251662e-03 1.050972149237994202e-03 8.933263268523394807e-03 5.254860746189971010e-04
5.254860746189971010e-04 1.840652116749885714e-03 1.314751511964251662e-03 7.888509071785065885e-04 3.415659485023647690e-03 4.470155140678389039e-03 1.051801209571379125e-03 3.678402522333201752e-03 4.207204838285516502e-03 4.207204838285516502e-03 4.207204838285516502e-03 1.313715186547548264e-03 4.744333157617242058e-03 1.050972149237994202e-03 4.203888596952198853e-03 5.254860746189971010e-04 4.470155140678389039e-03 5.254860746189971010e-04 0.000000000000000000e+00 3.678402522333201752e-03 4.996055745464134112e-03 7.882291119285511627e-04 1.050972149237994202e-03 2.627430373095540617e-04 1.050972149237994202e-03 3.152916447714093628e-03 1.050972149237994202e-03 3.941145559642644791e-03 8.145034156594843644e-03 8.670520231213840745e-03 7.882291119285511627e-04 5.254860746189971010e-04 7.882291119285511627e-04 1.576458223857102325e-03 1.050972149237994202e-03 7.882291119285511627e-04 3.415659485023647690e-03 1.313715186547548264e-03 5.254860746189971010e-04 3.941145559642644791e-03 7.882291119285511627e-04 1.050972149237994202e-03 7.631578947368433674e-03 5.254860746189971010e-04 8.145034156594843644e-03 3.941145559642644791e-03 1.314751511964251662e-03 1.050972149237994202e-03 9.458749343142391908e-03 5.254860746189971010e-04
3.678402522333201752e-03 3.412969283276501287e-03 4.207204838285516502e-03 3.681304233499882450e-03 2.623294858341562730e-04 4.725649776844309535e-03 3.944254535892754987e-03 5.246589716684235682e-04 4.463113678130792294e-03 4.200577579417164031e-03 4.463113678130792294e-03 3.410283315844697682e-03 6.325777543489730093e-03 3.941145559642644791e-03 1.049317943336847136e-03 3.678402522333201752e-03 4.463113678130792294e-03 3.678402522333201752e-03 3.678402522333201752e-03 0.000000000000000000e+00 4.988185875557937798e-03 3.941145559642644791e-03 3.941145559642644791e-03 3.415659485023647690e-03 4.203888596952198853e-03 1.573976915005270705e-03 4.203888596952198853e-03 7.869884575025798412e-04 1.023084994753409305e-02 1.075550891920251662e-02 3.941145559642644791e-03 3.678402522333201752e-03 3.941145559642644791e-03 3.672612801678853955e-03 4.203888596952198853e-03 3.678402522333201752e-03 2.623294858341562730e-04 3.410283315844697682e-03 3.678402522333201752e-03 5.508919202518391955e-03 3.941145559642644791e-03 3.941145559642644791e-03 9.984235417761389009e-03 3.678402522333201752e-03 1.023084994753409305e-02 2.360965372507850546e-03 4.470155140678389039e-03 3.941145559642644791e-03 1.154249737670509646e-02 3.678402522333201752e-03
4.733105443071261575e-03 5.250721974271455039e-03 5.259006047857006649e-03 4.996055745464134112e-03 4.725649776844309535e-03 1.312680493567919271e-03 4.996055745464134112e-03 4.988185875557937798e-03 1.050144394854291008e-03 7.876082961407737670e-04 1.050144394854291008e-03 4.463113678130792294e-03 7.116499736425918599e-03 5.259006047857006649e-03 5.513258072985083302e-03 4.733105443071261575e-03 1.050144394854291008e-03 4.733105443071261575e-03 4.996055745464134112e-03 4.988185875557937798e-03 0.000000000000000000e+00 4.996055745464134112e-03 5.259006047857006649e-03 4.733105443071261575e-03 5.259006047857006649e-03 4.988185875557937798e-03 5.259006047857006649e-03 5.250721974271455039e-03 1.102651614597005558e-02 1.155158834339720109e-02 5.259006047857006649e-03 4.733105443071261575e-03 4.996055745464134112e-03 4.725649776844309535e-03 4.996055745464134112e-03 4.996055745464134112e-03 4.725649776844309535e-03 4.463113678130792294e-03 4.733105443071261575e-03 6.563402467839374310e-03 4.996055745464134112e-03 5.259006047857006649e-03 1.104391270049964735e-02 4.733105443071261575e-03 1.102651614597005558e-02 5.775794171698600543e-03 5.784906652642640701e-03 5.259006047857006649e-03 1.233919663953797485e-02 4.996055745464134112e-03
2.627430373095540617e-04 2.103602419142758251e-03 1.051801209571379125e-03 1.051801209571379125e-03 3.678402522333201752e-03 4.733105443071261575e-03 7.888509071785065885e-04 3.941145559642644791e-03 4.470155140678389039e-03 4.470155140678389039e-03 4.470155140678389039e-03 1.050972149237994202e-03 4.480759093305253238e-03 1.313715186547548264e-03 4.466631634261641892e-03 2.627430373095540617e-04 4.733105443071261575e-03 2.627430373095540617e-04 7.882291119285511627e-04 3.941145559642644791e-03 4.996055745464134112e-03 0.000000000000000000e+00 1.313715186547548264e-03 5.254860746189971010e-04 7.882291119285511627e-04 3.415659485023647690e-03 7.882291119285511627e-04 4.203888596952198853e-03 7.882291119285289582e-03 8.407777193904397706e-03 1.050972149237994202e-03 2.627430373095540617e-04 5.254860746189971010e-04 1.313715186547548264e-03 1.313715186547548264e-03 1.050972149237994202e-03 3.678402522333201752e-03 1.050972149237994202e-03 2.627430373095540617e-04 3.678402522333201752e-03 5.254860746189971010e-04 1.313715186547548264e-03 7.368421052631579649e-03 2.627430373095540617e-04 7.882291119285289582e-03 4.203888596952198853e-03 1.577701814357124199e-03 1.313715186547548264e-03 9.196006305832948868e-03 7.882291119285511627e-04
1.050972149237994202e-03 2.103602419142758251e-03 7.888509071785065885e-04 2.629503023928725369e-04 3.678402522333201752e-03 4.733105443071261575e-03 5.259006047857450739e-04 3.941145559642644791e-03 4.470155140678389039e-03 4.470155140678389039e-03 4.470155140678389039e-03 1.839201261166545365e-03 5.271481286241441744e-03 5.254860746189971010e-04 4.466631634261641892e-03 1.050972149237994202e-03 4.733105443071261575e-03 1.050972149237994202e-03 1.050972149237994202e-03 3.941145559642644791e-03 5.259006047857006649e-03 1.313715186547548264e-03 0.000000000000000000e+00 7.882291119285511627e-04 1.576458223857102325e-03 2.890173410404650589e-03 1.576458223857102325e-03 4.203888596952198853e-03 8.670520231213840745e-03 9.196006305832948868e-03 1.313715186547548264e-03 1.050972149237994202e-03 1.313715186547548264e-03 2.101944298476099426e-03 1.576458223857102325e-03 2.627430373095540617e-04 3.678402522333201752e-03 1.839201261166545365e-03 1.050972149237994202e-03 3.941145559642644791e-03 1.313715186547548264e-03 5.254860746189971010e-04 8.157894736842141725e-03 1.050972149237994202e-03 8.670520231213840745e-03 3.678402522333201752e-03 1.314751511964251662e-03 0.000000000000000000e+00 9.984235417761389009e-03 1.050972149237994202e-03
2.627430373095540617e-04 1.577701814357124199e-03 1.051801209571379125e-03 5.259006047857450739e-04 3.152916447714093628e-03 4.207204838285516502e-03 7.888509071785065885e-04 3.415659485023647690e-03 3.944254535892754987e-03 3.944254535892754987e-03 3.944254535892754987e-03 1.050972149237994202e-03 4.480759093305253238e-03 7.882291119285511627e-04 3.941145559642644791e-03 2.627430373095540617e-04 4.207204838285516502e-03 2.627430373095540617e-04 2.627430373095540617e-04 3.415659485023647690e-03 4.733105443071261575e-03 5.254860746189971010e-04 7.882291119285511627e-04 0.000000000000000000e+00 7.882291119285511627e-04 2.890173410404650589e-03 7.882291119285511627e-04 3.678402522333201752e-03 7.882291119285289582e-03 8.407777193904397706e-03 5.254860746189971010e-04 2.627430373095540617e-04 5.254860746189971010e-04 1.313715186547548264e-03 7.882291119285511627e-04 5.254860746189971010e-04 3.152916447714093628e-03 1.050972149237994202e-03 2.627430373095540617e-04 3.678402522333201752e-03 5.254860746189971010e-04 7.882291119285511627e-04 7.368421052631579649e-03 2.627430373095540617e-04 7.882291119285289582e-03 3.678402522333201752e-03 1.051801209571379125e-03 7.882291119285511627e-04 9.196006305832948868e-03 2.627430373095540617e-04
5.254860746189971010e-04 2.366552721535630788e-03 1.314751511964251662e-03 1.314751511964251662e-03 3.941145559642644791e-03 4.996055745464134112e-03 1.051801209571379125e-03 4.203888596952198853e-03 4.733105443071261575e-03 4.733105443071261575e-03 4.733105443071261575e-03 1.313715186547548264e-03 4.744333157617242058e-03 1.576458223857102325e-03 4.729374671571195954e-03 5.254860746189971010e-04 4.996055745464134112e-03 5.254860746189971010e-04 1.050972149237994202e-03 4.203888596952198853e-03 5.259006047857006649e-03 7.882291119285511627e-04 1.576458223857102325e-03 7.882291119285511627e-04 0.000000000000000000e+00 3.678402522333201752e-03 1.050972149237994202e-03 4.466631634261641892e-03 8.145034156594843644e-03 8.670520231213840745e-03 1.313715186547548264e-03 5.254860746189971010e-04 7.882291119285511627e-04 1.576458223857102325e-03 1.576458223857102325e-03 1.313715186547548264e-03 3.941145559642644791e-03 1.313715186547548264e-03 5.254860746189971010e-04 3.941145559642644791e-03 7.882291119285511627e-04 1.576458223857102325e-03 7.631578947368433674e-03 5.254860746189971010e-04 8.145034156594843644e-03 4.466631634261641892e-03 1.840652116749885714e-03 1.576458223857102325e-03 9.458749343142391908e-03 1.050972149237994202e-03
3.152916447714093628e-03 3.412969283276501287e-03 3.155403628714137376e-03 2.629503023928503325e-03 1.311647429171003409e-03 4.725649776844309535e-03 2.892453326321375862e-03 1.573976915005270705e-03 4.463113678130792294e-03 4.200577579417164031e-03 4.463113678130792294e-03 3.410283315844697682e-03 6.325777543489730093e-03 2.890173410404650589e-03 2.098635886673694273e-03 3.152916447714093628e-03 4.463113678130792294e-03 3.152916447714093628e-03 3.152916447714093628e-03 1.573976915005270705e-03 4.988185875557937798e-03 3.415659485023647690e-03 2.890173410404650589e-03 2.890173410404650589e-03 3.678402522333201752e-03 0.000000000000000000e+00 3.678402522333201752e-03 1.836306400839426978e-03 1.023084994753409305e-02 1.075550891920251662e-02 3.415659485023647690e-03 3.152916447714093628e-03 3.415659485023647690e-03 3.672612801678853955e-03 3.678402522333201752e-03 2.627430373095096527e-03 1.311647429171003409e-03 3.410283315844697682e-03 3.152916447714093628e-03 5.246589716684124660e-03 3.415659485023647690e-03 2.890173410404650589e-03 9.458749343142391908e-03 3.152916447714093628e-03 1.023084994753409305e-02 7.869884575025798412e-04 3.418353931107009913e-03 2.890173410404650589e-03 1.154249737670509646e-02 3.152916447714093628e-03
5.254860746189971010e-04 2.366552721535630788e-03 1.314751511964251662e-03 1.314751511964251662e-03 3.941145559642644791e-03 4.996055745464134112e-03 1.051801209571379125e-03 4.203888596952198853e-03 4.733105443071261575e-03 4.733105443071261575e-03 4.733105443071261575e-03 1.313715186547548264e-03 4.744333157617242058e-03 1.576458223857102325e-03 4.729374671571195954e-03 5.254860746189971010e-04 4.996055745464134112e-03 5.254860746189971010e-04 1.050972149237994202e-03 4.203888596952198853e-03 5.259006047857006649e-03 7.882291119285511627e-04 1.576458223857102325e-03 7.882291119285511627e-04 1.050972149237994202e-03 3.678402522333201752e-03 0.000000000000000000e+00 4.466631634261641892e-03 8.145034156594843644e-03 8.670520231213840745e-03 1.313715186547548264e-03 5.254860746189971010e-04 7.882291119285511627e-04 1.576458223857102325e-03 1.576458223857102325e-03 1.313715186547548264e-03 3.941145559642644791e-03 1.313715186547548264e-03 5.254860746189971010e-04 3.941145559642644791e-03 7.882291119285511627e-04 1.576458223857102325e-03 7.631578947368433674e-03 5.254860746189971010e-04 8.145034156594843644e-03 4.466631634261641892e-03 1.840652116749885714e-03 1.576458223857102325e-03 9.458749343142391908e-03 1.050972149237994202e-03
3.941145559642644791e-03 3.675505381990018527e-03 4.470155140678389039e-03 3.944254535892754987e-03 5.246589716684235682e-04 4.988185875557937798e-03 4.207204838285516502e-03 7.869884575025798412e-04 4.725649776844309535e-03 4.463113678130792294e-03 4.725649776844309535e-03 3.672612801678853955e-03 6.589351607801829935e-03 4.203888596952198853e-03 2.623294858341562730e-04 3.941145559642644791e-03 4.725649776844309535e-03 3.941145559642644791e-03 3.941145559642644791e-03 7.869884575025798412e-04 5.250721974271455039e-03 4.203888596952198853e-03 4.203888596952198853e-03 3.678402522333201752e-03 4.466631634261641892e-03 1.836306400839426978e-03 4.466631634261641892e-03 0.000000000000000000e+00 1.049317943336836034e-02 1.101783840503667289e-02 4.203888596952198853e-03 3.941145559642644791e-03 4.203888596952198853e-03 3.934942287513121251e-03 4.466631634261641892e-03 3.941145559642644791e-03 5.246589716684235682e-04 3.672612801678853955e-03 3.941145559642644791e-03 5.771248688352548228e-03 4.203888596952198853e-03 4.203888596952198853e-03 1.024697845507094307e-02 3.941145559642644791e-03 1.049317943336836034e-02 2.098635886673694273e-03 4.733105443071261575e-03 4.203888596952198853e-03 1.180482686253936375e-02 3.941145559642644791e-03
7.619548081975846543e-03 8.926227356261473567e-03 8.414409676571144026e-03 8.414409676571144026e-03 9.968520461699936774e-03 1.102651614597005558e-02 8.151459374178271489e-03 1.023084994753409305e-02 1.076398004725653834e-02 1.050144394854291008e-02 1.076398004725653834e-02 7.345225603357818933e-03 7.888509071785398952e-03 8.670520231213840745e-03 1.075550891920251662e-02 7.619548081975846543e-03 1.076398004725653834e-02 7.619548081975846543e-03 8.145034156594843644e-03 1.023084994753409305e-02 1.102651614597005558e-02 7.882291119285289582e-03 8.670520231213840745e-03 7.882291119285289582e-03 8.145034156594843644e-03 1.023084994753409305e-02 8.145034156594843644e-03 1.049317943336836034e-02 0.000000000000000000e+00 1.046846375294396836e-03 8.407777193904397706e-03 7.619548081975846543e-03 7.882291119285289582e-03 7.607555089191975206e-03 8.670520231213840745e-03 8.407777193904397706e-03 9.968520461699936774e-03 7.345225603357818933e-03 7.619548081975846543e-03 9.706190975865669479e-03 7.882291119285289582e-03 8.145034156594843644e-03 2.096985583224131311e-03 7.619548081975846543e-03 5.234231876471984179e-04 1.101783840503667289e-02 7.888509071785398952e-03 8.670520231213840745e-03 3.140539125883301530e-03 8.145034156594843644e-03
8.145034156594843644e-03 9.451299553688619071e-03 8.940310281356778077e-03 8.940310281356778077e-03 1.049317943336836034e-02 1.155158834339720109e-02 8.677359978964016562e-03 1.075550891920251662e-02 1.128905224468368385e-02 1.102651614597005558e-02 1.128905224468368385e-02 7.869884575026242501e-03 8.414409676571144026e-03 9.196006305832948868e-03 1.128016789087094018e-02 8.145034156594843644e-03 1.128905224468368385e-02 8.145034156594843644e-03 8.670520231213840745e-03 1.075550891920251662e-02 1.155158834339720109e-02 8.407777193904397706e-03 9.196006305832948868e-03 8.407777193904397706e-03 8.670520231213840745e-03 1.075550891920251662e-02 8.670520231213840745e-03 1.101783840503667289e-02 1.046846375294396836e-03 0.000000000000000000e+00 8.933263268523394807e-03 8.145034156594843644e-03 8.407777193904397706e-03 8.132214060860398774e-03 9.196006305832948868e-03 8.933263268523394807e-03 1.049317943336836034e-02 7.869884575026242501e-03 8.145034156594843644e-03 1.023084994753409305e-02 8.407777193904397706e-03 8.670520231213840745e-03 2.621231979030191894e-03 8.145034156594843644e-03 1.046846375294396836e-03 1.154249737670509646e-02 8.414409676571144026e-03 9.196006305832948868e-03 3.663962313530499948e-03 8.670520231213840745e-03
7.882291119285511627e-04 2.103602419142758251e-03 1.577701814357124199e-03 1.051801209571379125e-03 3.678402522333201752e-03 4.733105443071261575e-03 1.314751511964251662e-03 3.941145559642644791e-03 4.470155140678389039e-03 4.470155140678389039e-03 4.470155140678389039e-03 1.576458223857102325e-03 5.007907221929341901e-03 1.313715186547548264e-03 4.466631634261641892e-03 7.882291119285511627e-04 4.733105443071261575e-03 7.882291119285511627e-04 7.882291119285511627e-04 3.941145559642644791e-03 5.259006047857006649e-03 1.050972149237994202e-03 1.313715186547548264e-03 5.254860746189971010e-04 1.313715186547548264e-03 3.415659485023647690e-03 1.313715186547548264e-03 4.203888596952198853e-03 8.407777193904397706e-03 8.933263268523394807e-03 0.000000000000000000e+00 7.882291119285511627e-04 1.050972149237994202e-03 1.839201261166545365e-03 1.313715186547548264e-03 1.050972149237994202e-03 3.678402522333201752e-03 1.576458223857102325e-03 7.882291119285511627e-04 4.203888596952198853e-03 1.050972149237994202e-03 1.313715186547548264e-03 7.894736842105287700e-03 7.882291119285511627e-04 8.407777193904397706e-03 4.203888596952198853e-03 1.577701814357124199e-03 1.313715186547548264e-03 9.721492380451945969e-03 7.882291119285511627e-04
0.000000000000000000e+00 1.840652116749885714e-03 7.888509071785065885e-04 7.888509071785065885e-04 3.415659485023647690e-03 4.470155140678389039e-03 5.259006047857450739e-04 3.678402522333201752e-03 4.207204838285516502e-03 4.207204838285516502e-03 4.207204838285516502e-03 7.882291119285511627e-04 4.217185028993153395e-03 1.050972149237994202e-03 4.203888596952198853e-03 0.000000000000000000e+00 4.470155140678389039e-03 0.000000000000000000e+00 5.254860746189971010e-04 3.678402522333201752e-03 4.733105443071261575e-03 2.627430373095540617e-04 1.050972149237994202e-03 2.627430373095540617e-04 5.254860746189971010e-04 3.152916447714093628e-03 5.254860746189971010e-04 3.941145559642644791e-03 7.619548081975846543e-03 8.145034156594843644e-03 7.882291119285511627e-04 0.000000000000000000e+00 2.627430373095540617e-04 1.050972149237994202e-03 1.050972149237994202e-03 7.882291119285511627e-04 3.415659485023647690e-03 7.882291119285511627e-04 0.000000000000000000e+00 3.415659485023647690e-03 2.627430373095540617e-04 1.050972149237994202e-03 7.105263157894725623e-03 0.000000000000000000e+00 7.619548081975846543e-03 3.941145559642644791e-03 1.314751511964251662e-03 1.050972149237994202e-03 8.933263268523394807e-03 5.254860746189971010e-04
